Ticker,Industry,Debt/Equity,InterestCoverage,EBIT_Margin,ROA,CarbonIntensity,ESG_Score,Volatility,TotalAssets,Risk_Score,Default_Flag
SAP,Technology,0.32,8.5,0.31,0.12,80,82,0.35,68300000000.0,0.20841176470588238,0
ALV.DE,Financials,0.28,9.1,0.25,0.08,45,76,0.22,1200000000000.0,0.1882225274725275,0
DTE.DE,Telecommunications,1.15,3.8,0.16,0.05,180,68,0.33,300000000000.0,0.5347894736842105,1
BAS.DE,Chemicals,0.65,6.8,0.19,0.09,850,65,0.3,85400000000.0,0.4592647058823529,1
BAYN.DE,Pharmaceuticals,0.82,7.1,0.22,0.11,320,71,0.65,112000000000.0,0.45221126760563374,1
BMW.DE,Automotive,1.15,4.2,0.17,0.07,480,79,0.45,246000000000.0,0.5635238095238095,1
DAI.DE,Automotive,1.75,5.2,0.15,0.06,510,77,0.42,260000000000.0,0.7375769230769231,1
SIE.DE,Industrial,0.45,6.2,0.13,0.07,220,73,0.28,145000000000.0,0.29032258064516137,0
ADS.DE,Consumer,0.55,5.5,0.09,0.04,150,69,0.37,22500000000.0,0.33195454545454545,0
MUV2.DE,Financials,0.31,8.8,0.24,0.09,50,75,0.23,280000000000.0,0.2019090909090909,0
